ReferenceLabel	avg
NumberPositions=    42
UnitPosition	mm
Positions
0.00000000e+00	0.00000000e+00	1.00000000e+02
8.94427191e+01	0.00000000e+00	4.47213595e+01
2.76393202e+01	8.50650808e+01	4.47213595e+01
-7.23606798e+01	5.25731112e+01	4.47213595e+01
-7.23606798e+01	-5.25731112e+01	4.47213595e+01
2.76393202e+01	-8.50650808e+01	4.47213595e+01
7.23606798e+01	-5.25731112e+01	-4.47213595e+01
7.23606798e+01	5.25731112e+01	-4.47213595e+01
-2.76393202e+01	8.50650808e+01	-4.47213595e+01
-8.94427191e+01	1.09535740e-14	-4.47213595e+01
-2.76393202e+01	-8.50650808e+01	-4.47213595e+01
0.00000000e+00	0.00000000e+00	-1.00000000e+02
5.25731112e+01	0.00000000e+00	8.50650808e+01
6.88190960e+01	5.00000000e+01	5.25731112e+01
1.62459848e+01	5.00000000e+01	8.50650808e+01
-2.62865556e+01	8.09016994e+01	5.25731112e+01
-4.25325404e+01	3.09016994e+01	8.50650808e+01
-8.50650808e+01	1.30514544e-14	5.25731112e+01
-4.25325404e+01	-3.09016994e+01	8.50650808e+01
-2.62865556e+01	-8.09016994e+01	5.25731112e+01
1.62459848e+01	-5.00000000e+01	8.50650808e+01
6.88190960e+01	-5.00000000e+01	5.25731112e+01
9.51056516e+01	3.09016994e+01	0.00000000e+00
5.87785252e+01	8.09016994e+01	0.00000000e+00
3.26286360e-15	1.00000000e+02	0.00000000e+00
-5.87785252e+01	8.09016994e+01	0.00000000e+00
-9.51056516e+01	3.09016994e+01	0.00000000e+00
-9.51056516e+01	-3.09016994e+01	0.00000000e+00
-5.87785252e+01	-8.09016994e+01	0.00000000e+00
-1.63143180e-14	-1.00000000e+02	0.00000000e+00
5.87785252e+01	-8.09016994e+01	0.00000000e+00
9.51056516e+01	-3.09016994e+01	0.00000000e+00
8.50650808e+01	0.00000000e+00	-5.25731112e+01
2.62865556e+01	8.09016994e+01	-5.25731112e+01
-6.88190960e+01	5.00000000e+01	-5.25731112e+01
-6.88190960e+01	-5.00000000e+01	-5.25731112e+01
2.62865556e+01	-8.09016994e+01	-5.25731112e+01
4.25325404e+01	3.09016994e+01	-8.50650808e+01
4.25325404e+01	-3.09016994e+01	-8.50650808e+01
-1.62459848e+01	5.00000000e+01	-8.50650808e+01
-5.25731112e+01	6.43834924e-15	-8.50650808e+01
-1.62459848e+01	-5.00000000e+01	-8.50650808e+01
NumberPolygons=    0
TypePolygons=   3
Polygons
Labels
1   2   3   4   5   6   7   8   9  10  11  12  13  14  15  16  17  18  19  20  21  22  23  24  25  26  27  28  29  30  31  32  33  34  35  36  37  38  39  40  41  42